Solving with SCIP 9.0.0 [LP solver: Glop 9.10]
Minimum distance 5995.0
NV0: 1.0000000000000002
NV1: 10.0
NV2: 10.0
NV3: 0.0
NV4: 5.0
NV5: 3.0
NV6: 5.0
NV7: 3.0
NV8: 4.0
NV9: 5.0
NV10: 5.0
NV11: 6.999999999999999
NV12: 0.0
NV13: 2.0
NV14: 10.0
NV15: 4.0
x(0, 89): 1x(0, 93): 1x(0, 101): 1x(0, 103): 1x(1, 10): 1x(1, 12): 1x(1, 14): 1x(1, 16): 1x(1, 17): 1x(1, 29): 1x(1, 140): 1x(2, 25): 1x(2, 27): 1x(3, 41): 1x(3, 57): 1x(3, 63): 1x(3, 80): 1x(3, 108): 1x(4, 40): 1x(4, 56): 1x(4, 65): 1x(4, 79): 1x(4, 82): 1x(4, 95): 1x(4, 104): 1x(5, 9): 1x(5, 45): 1x(6, 50): 1x(6, 59): 1x(6, 61): 1x(6, 66): 1x(6, 96): 1x(6, 99): 1x(6, 109): 1x(7, 44): 1x(7, 47): 1x(7, 52): 1x(7, 60): 1x(7, 73): 1x(7, 86): 1x(7, 97): 1x(7, 102): 1x(7, 116): 1x(8, 62): 1x(8, 157): 1x(9, 111): 1x(9, 112): 1x(10, 53): 1x(10, 58): 1x(10, 69): 1x(11, 43): 1x(11, 64): 1x(11, 83): 1x(11, 84): 1x(11, 110): 1x(11, 113): 1x(11, 118): 1x(12, 51): 1x(12, 74): 1x(13, 21): 1x(13, 24): 1x(13, 92): 1x(13, 106): 1x(13, 150): 1x(13, 159): 1x(14, 11): 1x(14, 19): 1x(14, 28): 1x(14, 117): 1x(14, 141): 1x(14, 149): 1x(15, 13): 1x(15, 77): 1x(16, 49): 1x(16, 68): 1x(16, 90): 1x(16, 91): 1x(16, 98): 1x(16, 107): 1x(17, 133): 1x(17, 134): 1x(17, 137): 1x(17, 138): 1x(17, 139): 1x(17, 143): 1x(17, 155): 1x(18, 0): 1x(18, 48): 1x(19, 81): 1x(19, 100): 1