0,8.52045631453426,60.289412988414405,47.40746429866904,30.624801507749797,51.82781844074535,27.24551250351856,60.22594214443632,33.91395163488887,2.693040867830343,23.73761662767533,44.710900762058834,31.026030797735093,45.28869929515756,27.32018709443495,28.57988521268977,32.130674323162985,9.472979738584314,28.78967417171933,34.36238963219079,11.515581844021721,3.262305979080051,55.53496289900595,38.10213229491083,31.253998767844735,29.55698847978747,35.019592248266214,18.091217040445976,23.08860673283473,29.264530467553687,48.32365156572542,44.90085195375181,81.9080223785206,47.912215060060575,88.76035940618969,28.78439999241454,17.313399838937293,26.27910330633753,39.12791470525689,4.6146050679401185,4.846309147691466,18.799982945689262,47.7422337489763,34.98107215250215,29.90688611641512,18.002131026384223,30.21531614560072,17.150079763018233,46.08240388054568,53.77349796382271,35.934510058818,31.03376385373816,13.197831125154599,11.01426821791337,19.457578681458056,31.504416727014835,25.429970813803813,9.330408674616308,7.461180351984774,32.655315970429605,33.09138519245062,29.457698439679675
8.52045631453426,0,68.80986930294866,55.927920613203305,39.14525782228406,60.34827475527961,35.76596881805282,68.74639845897057,42.434407949423125,11.213497182364602,32.25807294220959,53.2313570765931,39.546487112269354,53.80915560969182,35.840643408969214,37.10034152722403,40.65113063769724,0.9525234240500559,37.310130486253584,42.88284594672505,20.036038158555982,11.782762293614308,64.0554192135402,46.62258860944509,39.77445508237899,38.07744479432173,43.54004856280047,9.570760725911716,31.609063047368988,37.78498678208795,56.84410788025967,53.421308268286076,90.42847869305486,56.432671374594825,97.28081572072396,37.3048563069488,25.83385615347155,34.79955962087178,47.64837101979115,3.90585124659414,3.674147166842793,27.320439260223523,56.262690063510554,43.5015284670364,38.42734243094938,26.522587340918477,38.73577246013498,25.670536077552494,54.60286019507993,62.29395427835698,44.454966373352256,22.5133075392039,21.718287439688858,19.53472453244763,27.978034995992314,40.02487304154909,33.95042712833807,17.850864989150566,1.0592759625494848,41.17577228496387,41.61184150698488,37.97815475421393
60.289412988414405,68.80986930294866,0,12.881948689745357,29.6646114806646,8.461594547669051,33.043900484895836,0.06347084397808302,26.37546135352553,57.59637212058406,36.55179636073907,15.57851222635556,29.26338219067931,15.000713693256836,32.96922589397945,31.709527775724627,28.158738665251413,69.76239272699871,31.49973881669507,25.92702335622361,48.77383114439267,57.027107009334344,4.754450089408445,22.187280693503567,29.035414220569663,30.732424508626927,25.269820740148187,78.38063002886038,37.20080625557967,31.02488252086071,11.965761422688981,15.388561034662583,21.6186093901062,12.377197928353826,28.470946417775306,31.50501299599986,42.976013149477104,34.01030968207687,21.161498283157506,64.90401805635452,65.13572213610585,41.48943004272513,12.547179239438101,25.308340835912258,30.38252687199928,42.28728196203018,30.074096842813677,43.139333225396165,14.207009107868725,6.515915024591683,24.354902929596403,91.32317684215256,47.0915818632598,49.275144770501036,40.831834306956345,28.784996261399563,34.859442174610585,50.95900431379809,67.75059334039916,27.63409701798479,27.198027795963775,30.831714548734727
47.40746429866904,55.927920613203305,12.881948689745357,0,16.782662790919243,4.420354142076307,20.16195179515048,12.818477845767275,13.493512663780175,44.7144234308387,23.669847670993715,2.6965635366102014,16.381433500933944,2.1187650035114785,20.08727720423409,18.82757908597927,15.276789975506054,56.880444037253355,18.61779012694971,13.045074666478252,35.89188245464732,44.145158319588994,8.127498600336914,9.30533200375821,16.153465530824306,17.850475818881566,12.387872050402828,65.49868133911501,24.31885756583431,18.142933831115357,0.9161872670563779,2.506612344917225,34.50055807985156,0.5047507613915317,41.352895107520666,18.623064306254502,30.094064459731747,21.128360992331512,8.279549593412149,52.02206936660916,52.253773446360505,28.607481352979775,0.3347694503072569,12.426392146166895,17.50057818225392,29.405333272284818,17.19214815306832,30.25738453565081,1.325060418123368,6.366033665153674,11.472954239851042,78.4412281524072,34.20963317351444,36.39319608075567,27.949885617210985,15.903047571654207,21.977493484865228,38.07705562405273,54.86864465065381,14.752148328239434,14.316079106218417,17.949765858989366
30.624801507749797,39.14525782228406,29.6646114806646,16.782662790919243,0,21.20301693299555,3.3792890042312367,29.601140636686516,3.2891501271390675,27.931760639919453,6.88718488007447,14.086099254309042,0.4012292899852953,14.663897787407764,3.3046144133148467,2.0449162950600264,1.5058728154131888,40.09778124633411,1.8351273360304683,3.737588124440992,19.109219663728076,27.362495528669747,24.910161391256153,7.477330787161033,0.6291972600949359,1.067813027962324,4.394790740516413,48.71601854819578,7.536194774915069,1.360271040196113,17.698850057975623,14.276050446002019,51.283220870770805,17.287413552310774,58.135557898439906,1.84040151533526,13.311401668812504,4.345698201412271,8.503113197507092,35.23940657568992,35.471110655441265,11.824818562060534,17.1174322412265,4.356270644752347,0.7179153913346804,12.622670481365576,0.40948536214907644,13.474721744731564,15.457602372795876,23.148696456072916,5.309708551068201,61.65856536148796,17.4269703825952,19.61053328983643,11.167222826291743,0.8796152192650367,5.194830693945985,21.29439283313349,38.085981859734574,2.030514462679809,2.4665836847008236,1.1671030680701262
51.82781844074535,60.34827475527961,8.461594547669051,4.420354142076307,21.20301693299555,0,24.582305937226785,8.398123703690969,17.913866805856483,49.134777572915,28.09020181307002,7.116917678686508,20.801787643010254,6.539119145587786,24.507631346310397,23.247933228055576,19.69714411758236,61.30079817932967,23.038144269026017,17.46542880855456,40.31223659672363,48.5655124616653,3.707144458260606,13.725686145834516,20.573819672900616,22.270829960957872,16.808226192479136,69.91903548119132,28.739211707910616,22.563287973191663,3.504166875019929,6.926966486993532,30.080203937775252,3.915603380684775,36.93254096544435,23.043418448330808,34.51441860180805,25.54871513440782,12.699903735488457,56.442423508685465,56.67412758843681,33.02783549505608,4.08558469176905,16.846746288243203,21.920932324330227,33.82568741436112,21.612502295144626,34.67773867772712,5.7454145601996744,1.9456795230773676,15.893308381927348,82.86158229448351,38.629987315590746,40.81355022283198,32.370239759287294,20.323401713730515,26.397847626941534,42.497409766129046,59.28899879273012,19.17250247031574,18.736433248294723,22.370120001065676
27.24551250351856,35.76596881805282,33.043900484895836,20.16195179515048,3.3792890042312367,24.582305937226785,0,32.980429640917755,6.668439131370305,24.552471635688217,3.5078958758432317,17.46538825854028,3.7805182942165327,18.043186791639002,0.07467459091639006,1.3343727091712103,4.885161819644425,36.718492242102876,1.5441616682007686,7.116877128672228,15.729930659496839,23.983206524438508,28.289450395487393,10.856619791392271,4.008486264326174,2.311475976268913,7.774079744747649,45.336729543964545,4.1569057706838315,2.019017964035124,21.07813906220686,17.655339450233253,54.66250987500204,20.666702556542013,61.51484690267114,1.538887488895977,9.932112664581267,0.9664091971810344,11.882402201738332,31.86011757145868,32.091821651210026,8.445529557829296,20.49672124545774,7.7355596489835845,2.6613736128965564,9.243381477134339,2.9698036420821605,10.095432740500328,18.83689137702711,26.52798546030415,8.688997555299439,58.27927635725673,14.047681378363961,16.23124428560519,7.787933822060506,4.258904223496274,1.8155416897147476,17.915103828902254,34.706692855503334,5.409803466911046,5.845872688932062,2.212185936161111
60.22594214443632,68.74639845897057,0.06347084397808302,12.818477845767275,29.601140636686516,8.398123703690969,32.980429640917755,0,26.311990509547446,57.532901276605976,36.48832551676099,15.515041382377477,29.199911346701224,14.937242849278753,32.90575505000137,31.646056931746543,28.09526782127333,69.69892188302062,31.436267972716987,25.863552512245526,48.7103603004146,56.96363616535626,4.690979245430362,22.123809849525486,28.971943376591582,30.668953664648843,25.206349896170103,78.3171591848823,37.13733541160158,30.96141167688263,11.902290578710897,15.325090190684499,21.682080234084285,12.313727084375744,28.534417261753386,31.441542152021775,42.912542305499024,33.946838838098785,21.098027439179422,64.84054721237644,65.07225129212777,41.42595919874705,12.483708395460017,25.24486999193417,30.319056028021198,42.22381111805209,30.010625998835597,43.075862381418084,14.143538263890642,6.4524441806136,24.291432085618315,91.25970599817447,47.02811101928171,49.21167392652294,40.76836346297826,28.721525417421482,34.795971330632504,50.89553346982001,67.6871224964211,27.57062617400671,27.134556951985694,30.768243704756642
33.91395163488887,42.434407949423125,26.37546135352553,13.493512663780175,3.2891501271390675,17.913866805856483,6.668439131370305,26.311990509547446,0,31.220910767058523,10.176335007213536,10.796949127169974,2.8879208371537723,11.374747660268696,6.593764540453915,5.334066422199094,1.783277311725879,43.38693137347318,5.124277463169536,0.44843799730192385,22.398369790867143,30.651645655808817,21.621011264117087,4.188180660021965,2.6599528670441317,4.3569631551013925,1.1056406133773446,52.00516867533484,10.825344902054136,4.649421167335181,14.409699930836553,10.98690031886295,47.99407074363173,13.998263425171707,54.84640777130083,5.129551642474327,16.60055179595157,7.634848328551339,5.213963070368026,38.528556702828986,38.76026078258033,15.113968689199602,13.828282114087433,1.067120517613279,4.007065518473748,15.911820608504645,3.6986354892881437,16.76387187187063,12.168452245656807,19.85954632893385,2.0205584239291334,64.94771548862703,20.716120509734267,22.8996834169755,14.456372953430812,2.4095349078740314,8.483980821085051,24.58354296027256,41.37513198687364,1.2586356644592587,0.822566442438244,4.456253195209194
2.693040867830343,11.213497182364602,57.59637212058406,44.7144234308387,27.931760639919453,49.134777572915,24.552471635688217,57.532901276605976,31.220910767058523,0,21.044575759844985,42.0178598942285,28.33298992990475,42.59565842732722,24.62714622660461,25.88684434485943,29.43763345533264,12.166020606414659,26.096633303888986,31.669348764360446,8.822540976191378,0.5692651112497076,52.84192203117561,35.40909142708048,28.56095790001439,26.86394761195713,32.32655138043587,20.78425790827632,20.395565865004386,26.571489599723343,45.63061069789507,42.20781108592147,79.21498151069027,45.21917419223023,86.06731853835936,26.091359124584198,14.62035897110695,23.586062438507184,36.43487383742655,7.307645935770462,7.5393500155218085,16.10694207785892,45.049192881145956,32.2880312846718,27.213845248584775,15.309090158553879,27.522275277770376,14.457038895187889,43.38936301271533,51.08045709599237,33.24146919098766,33.726804721568506,10.504790257324254,8.321227350083026,16.76453781362771,28.81137585918449,22.73692994597347,6.637367806785964,10.154221219815117,29.962275102599264,30.39834432462028,26.76465757184933
23.73761662767533,32.25807294220959,36.55179636073907,23.669847670993715,6.88718488007447,28.09020181307002,3.5078958758432317,36.48832551676099,10.176335007213536,21.044575759844985,0,20.97328413438351,7.288414170059764,21.55108266748223,3.582570466759622,4.842268585014442,8.393057695487657,33.210596366259644,5.0520575440440005,10.624773004515461,12.222034783653609,20.47531064859528,31.797346271330625,14.364515667235501,7.516382140169404,5.819371852112144,11.281975620590881,41.828833668121305,0.6490098948405995,5.526913839878356,24.586034938050087,21.16323532607649,58.17040575084527,24.174598432385242,65.02274277851437,5.046783364739209,6.424216788738036,2.5414866786621975,15.390298077581564,28.352221695615444,28.583925775366794,4.937633681986065,24.004617121300967,11.243455524826816,6.169269488739789,5.735485601291107,6.477699517925393,6.587536864657096,22.344787252870344,30.035881336147384,12.196893431142668,54.77138048141349,10.539785502520731,12.723348409761957,4.280037946217274,7.766800099339505,1.6923541861284843,14.407207953059023,31.198796979660102,8.917699342754279,9.353768564775292,5.720081812004343
44.710900762058834,53.2313570765931,15.57851222635556,2.6965635366102014,14.086099254309042,7.116917678686508,17.46538825854028,15.515041382377477,10.796949127169974,42.0178598942285,20.97328413438351,0,13.684869964323745,0.5777985330987231,17.39071366762389,16.131015549369067,12.580226438895853,54.183880500643156,15.921226590339508,10.348511129868049,33.19531891803712,41.448594782978795,10.824062136947115,6.608768467148009,13.456901994214105,15.153912282271364,9.69130851379263,62.80211780250482,21.62229402922411,15.446370294505154,3.612750803666579,0.18995119169297656,37.19712161646176,3.201314298001733,44.04945864413086,15.926500769644303,27.397500923121545,18.431797455721313,5.582986056801947,49.32550582999896,49.557209909750306,25.910917816369576,3.0313329869174583,9.729828609556694,14.804014645643722,26.70876973567462,14.495584616458116,27.560820999040605,1.3715031184868336,9.062597201763875,8.776390703240839,75.744664615797,31.513069636904245,33.696632544145466,25.253322080600782,13.206484035044005,19.280929948255025,35.38049208744253,52.172081114043614,12.055584791629233,11.619515569608216,15.253202322379169
31.026030797735093,39.546487112269354,29.26338219067931,16.381433500933944,0.4012292899852953,20.801787643010254,3.7805182942165327,29.199911346701224,2.8879208371537723,28.33298992990475,7.288414170059764,13.684869964323745,0,14.262668497422467,3.705843703300142,2.446145585045322,1.1046435254278932,40.4990105363194,2.236356626015764,3.3363588344556967,19.51044895371337,27.763724818655042,24.50893210127086,7.076101497175737,0.2279679701096407,1.4690423179476193,3.9935614505311174,49.11724783818107,7.937424064900363,1.761500330181408,17.297620767990324,13.874821156016722,50.88199158078551,16.88618426232548,57.73432860845461,2.2416308053205554,13.712630958797801,4.7469274913975665,8.101883907521797,35.64063586567521,35.87233994542655,12.22604785204583,16.716202951241204,3.9550413547670518,1.1191446813199757,13.023899771350873,0.8107146521343717,13.875951034716863,15.056373082810579,22.74746716608762,4.908479261082906,62.059794651473254,17.828199672580496,20.011762579821724,11.56845211627704,0.47838592927974144,5.59605998393128,21.69562212311879,38.48721114971987,1.629285172694514,2.0653543947155284,1.5683323580554214
45.28869929515756,53.80915560969182,15.000713693256836,2.1187650035114785,14.663897787407764,6.539119145587786,18.043186791639002,14.937242849278753,11.374747660268696,42.59565842732722,21.55108266748223,0.5777985330987231,14.262668497422467,0,17.96851220072261,16.70881408246779,13.158024971994575,54.76167903374188,16.49902512343823,10.926309662966773,33.77311745113584,42.02639331607752,10.24626360384839,7.186567000246731,14.034700527312829,15.731710815370088,10.269107046891351,63.37991633560354,22.200092562322833,16.024168827603877,3.034952270567856,0.3878473414057465,36.619323083363035,2.62351576490301,43.471660111032136,16.504299302743025,27.975299456220267,19.009595988820035,6.160784589900671,49.90330436309768,50.13500844284903,26.4887163494683,2.4535344538187354,10.307627142655418,15.381813178742446,27.28656826877334,15.07338314955684,28.13861953213933,0.7937045853881105,8.484798668665153,9.354189236339563,76.32246314889572,32.09086817000296,34.27443107724419,25.831120613699504,13.784282568142729,19.858728481353747,35.958290620541256,52.74987964714234,12.633383324727955,12.19731410270694,15.831000855477892
27.32018709443495,35.840643408969214,32.96922589397945,20.08727720423409,3.3046144133148467,24.507631346310397,0.07467459091639006,32.90575505000137,6.593764540453915,24.62714622660461,3.582570466759622,17.39071366762389,3.705843703300142,17.96851220072261,0,1.2596981182548204,4.810487228728036,36.79316683301927,1.4694870772843784,7.042202537755839,15.804605250413228,24.057881115354903,28.214775804570998,10.78194520047588,3.9338116734097834,2.236801385352523,7.699405153831259,45.411404134880925,4.231580361600221,1.944343373118734,21.003464471290467,17.580664859316865,54.58783528408565,20.592027965625622,61.44017231175475,1.4642128979795868,10.006787255497658,1.0410837880974244,11.80772761082194,31.934792162375068,32.166496242126414,8.520204148745687,20.422046654541347,7.660885058067193,2.5866990219801664,9.31805606805073,2.8951290511657706,10.170107331416718,18.76221678611072,26.453310869387764,8.614322964383048,58.353950948173114,14.122355969280353,16.30591887652158,7.862608412976897,4.184229632579884,1.8902162806311376,17.989778419818645,34.78136744641973,5.3351288759946565,5.77119809801567,2.1375113452447208
28.57988521268977,37.10034152722403,31.709527775724627,18.82757908597927,2.0449162950600264,23.247933228055576,1.3343727091712103,31.646056931746543,5.334066422199094,25.88684434485943,4.842268585014442,16.131015549369067,2.446145585045322,16.70881408246779,1.2596981182548204,0,3.550789110473215,38.05286495127409,0.20978895902955813,5.782504419501018,17.06430336866805,25.31757923360972,26.955077686316184,9.522247082221059,2.6741135551549626,0.9771032670977027,6.439707035576439,46.67110225313574,5.491278479855041,0.6846452548639138,19.743766353035646,16.320966741062044,53.32813716583083,19.3323298473708,60.18047419349993,0.20451477972476648,11.266485373752479,2.300781906352245,10.548029492567121,33.19449028062989,33.42619436038124,9.779902267000507,19.162348536286526,6.401186939812374,1.3270009037253463,10.57775418630555,1.6354309329109502,11.429805449671539,17.502518667855902,25.193612751132946,7.354624846128227,59.61364906642793,15.382054087535174,17.565616994776402,9.122306531231716,2.9245315143250634,3.149914398885958,19.249476538073466,36.04106556467455,4.075430757739836,4.51149997976085,0.8778132269899006
32.130674323162985,40.65113063769724,28.158738665251413,15.276789975506054,1.5058728154131888,19.69714411758236,4.885161819644425,28.09526782127333,1.783277311725879,29.43763345533264,8.393057695487657,12.580226438895853,1.1046435254278932,13.158024971994575,4.810487228728036,3.550789110473215,0,41.6036540617473,3.341000151443657,2.231715309027803,20.615092479141264,28.868368344082935,23.40428857584297,5.971457971747845,0.8766755553182527,2.5736858433755128,2.888917925103224,50.22189136360897,9.042067590328257,2.8661438556093013,16.19297724256243,12.77017763058883,49.777348055357606,15.781540736897586,56.629685083026715,3.346274330748449,14.817274484225692,5.851571016825461,6.9972403820939055,36.745279391103104,36.97698347085445,13.330691377473721,15.611559425813311,2.850397829339158,2.223788206747869,14.128543296778764,1.915358177562265,14.980594560144754,13.951729557382686,21.642823640659728,3.8038357356550128,63.16443817690115,18.93284319800839,21.116406105249617,12.673095641704931,0.626257596148152,6.700703509359174,22.80026564854668,39.59185467514776,0.5246416472666205,0.9607108692876353,2.6729758834833146
9.472979738584314,0.9525234240500559,69.76239272699871,56.880444037253355,40.09778124633411,61.30079817932967,36.718492242102876,69.69892188302062,43.38693137347318,12.166020606414659,33.210596366259644,54.183880500643156,40.4990105363194,54.76167903374188,36.79316683301927,38.05286495127409,41.6036540617473,0,38.26265391030364,43.835369370775105,20.988561582606035,12.735285717664365,65.00794263759026,47.575112033495145,40.72697850642905,39.029968218371785,44.49257198685053,8.618237301861662,32.56158647141905,38.737510206138005,57.796631304309734,54.37383169233613,91.38100211710491,57.38519479864488,98.23333914477402,38.257379730998856,26.786379577521608,35.75208304492184,48.6008944438412,4.858374670644196,4.626670590892849,28.27296268427358,57.21521348756062,44.45405189108646,39.37986585499944,27.475110764968534,39.68829588418503,26.62305950160255,55.555383619129984,63.246477702407034,45.40748979740231,21.560784115153847,22.67081086373891,20.487247956497683,28.93055842004237,40.97739646559915,34.90295055238813,18.803388413200622,2.0117993865995407,42.12829570901392,42.56436493103494,38.93067817826399
28.78967417171933,37.310130486253584,31.49973881669507,18.61779012694971,1.8351273360304683,23.038144269026017,1.5441616682007686,31.436267972716987,5.124277463169536,26.096633303888986,5.0520575440440005,15.921226590339508,2.236356626015764,16.49902512343823,1.4694870772843784,0.20978895902955813,3.341000151443657,38.26265391030364,0,5.57271546047146,17.27409232769761,25.527368192639276,26.745288727286624,9.312458123191501,2.4643245961254046,0.7673143080681445,6.2299180765468805,46.8808912121653,5.7010674388846,0.4748562958343557,19.533977394006087,16.111177782032488,53.11834820680127,19.12254088834124,59.97068523447037,0.0052741793047916385,11.476274332782035,2.510570865381803,10.338240533537562,33.404279239659445,33.63598331941079,9.989691226030065,18.952559577256967,6.191397980782815,1.117211944695788,10.787543145335109,1.4256419738813921,11.639594408701099,17.292729708826343,24.983823792103387,7.14483588709867,59.82343802545749,15.59184304656473,17.775405953805958,9.332095490261276,2.7147425552955053,3.359703357915516,19.459265497103022,36.2508545237041,3.865641798710278,4.301711020731292,0.6680242679603424
34.36238963219079,42.88284594672505,25.92702335622361,13.045074666478252,3.737588124440992,17.46542880855456,7.116877128672228,25.863552512245526,0.44843799730192385,31.669348764360446,10.624773004515461,10.348511129868049,3.3363588344556967,10.926309662966773,7.042202537755839,5.782504419501018,2.231715309027803,43.835369370775105,5.57271546047146,0,22.84680778816907,31.100083653110737,21.172573266815164,3.739742662720041,3.108390864346055,4.805401152403316,0.6572026160754209,52.45360667263677,11.27378289935606,5.0978591646371045,13.961261933534628,10.538462321561026,47.545632746329815,13.54982542786978,54.397969773998916,5.577989639776252,17.048989793253497,8.083286325853264,4.765525073066102,38.97699470013091,39.208698779882255,15.562406686501525,13.379844116785506,0.6186825203113551,4.455503515775672,16.36025860580657,4.1470734865900685,17.212309869172557,11.720014248354884,19.411108331631922,1.5721204266272095,65.39615348592895,21.16455850703619,23.34812141427742,14.904810950732733,2.857972905175955,8.932418818386976,25.031980957574483,41.82356998417556,1.7070736617611824,1.2710044397401679,4.904691192511118
11.515581844021721,20.036038158555982,48.77383114439267,35.89188245464732,19.109219663728076,40.31223659672363,15.729930659496839,48.7103603004146,22.398369790867143,8.822540976191378,12.222034783653609,33.19531891803712,19.51044895371337,33.77311745113584,15.804605250413228,17.06430336866805,20.615092479141264,20.988561582606035,17.27409232769761,22.84680778816907,0,8.253275864941672,44.01938105498423,26.58655045088911,19.738416923823014,18.041406635765753,23.504010404244486,29.6067988844677,11.573024888813007,17.748948623531962,36.808069721703696,33.385270109730094,70.39244053449887,36.39663321603885,77.24477756216798,17.268818148392814,5.7978179949155715,14.763521462315802,27.61233286123517,16.13018691196184,16.361890991713185,7.284401101667542,36.22665190495457,23.465490308480422,18.391304272393395,6.486549182362499,18.699734301579,5.6344979189965105,34.56682203652395,42.257916119800996,24.418928214796278,42.54934569775988,1.6822492811328762,0.5013136261083522,7.941996837436333,19.98883488299311,13.914388969782093,2.185173169405415,18.976762196006497,21.139734126407884,21.575803348428902,17.94211659565795
3.262305979080051,11.782762293614308,57.027107009334344,44.145158319588994,27.362495528669747,48.5655124616653,23.983206524438508,56.96363616535626,30.651645655808817,0.5692651112497076,20.47531064859528,41.448594782978795,27.763724818655042,42.02639331607752,24.057881115354903,25.31757923360972,28.868368344082935,12.735285717664365,25.527368192639276,31.100083653110737,8.253275864941672,0,52.2726569199259,34.83982631583078,27.99169278876468,26.29468250070742,31.75728626918616,21.353523019526026,19.82630075375468,26.002224488473637,45.061345586645366,41.638545974671764,78.64571639944054,44.64990908098052,85.49805342710965,25.52209401333449,14.051093859857243,23.01679732725748,35.865608726176845,7.87691104702017,8.108615126771516,15.537676966609213,44.47992776989625,31.718766173422093,26.64458013733507,14.739825047304171,26.95301016652067,13.887773783938181,42.82009790146562,50.511191984742666,32.672204079737945,34.29606983281821,9.935525146074548,7.751962238833319,16.195272702378006,28.242110747934785,22.167664834723762,6.068102695536257,10.723486331064825,29.393009991349558,29.829079213370573,26.19539246059962
55.53496289900595,64.0554192135402,4.754450089408445,8.127498600336914,24.910161391256153,3.707144458260606,28.289450395487393,4.690979245430362,21.621011264117087,52.84192203117561,31.797346271330625,10.824062136947115,24.50893210127086,10.24626360384839,28.214775804570998,26.955077686316184,23.40428857584297,65.00794263759026,26.745288727286624,21.172573266815164,44.01938105498423,52.2726569199259,0,17.432830604095123,24.28096413116122,25.97797441921848,20.51537065073974,73.62617993945193,32.44635616617122,26.270432431452267,7.211311333280535,10.634110945254138,26.373059479514648,7.622747838945381,33.22539650718375,26.750562906591412,38.22156306006866,29.255859592668426,16.40704819374906,60.14956796694608,60.381272046697426,36.73497995331669,7.792729150029656,20.553890746503807,25.628076782590835,37.532831872621735,25.319646753405234,38.38488313598772,9.452559018460281,1.761464935183238,19.600452840187955,86.56872675274411,42.337131773851354,44.520694681092586,36.0773842175479,24.03054617199112,30.10499208520214,46.20455422438964,62.99614325099073,22.879646928576346,22.44357770655533,26.07726445932628
38.10213229491083,46.62258860944509,22.187280693503567,9.30533200375821,7.477330787161033,13.725686145834516,10.856619791392271,22.123809849525486,4.188180660021965,35.40909142708048,14.364515667235501,6.608768467148009,7.076101497175737,7.186567000246731,10.78194520047588,9.522247082221059,5.971457971747845,47.575112033495145,9.312458123191501,3.739742662720041,26.58655045088911,34.83982631583078,17.432830604095123,0,6.848133527066097,8.545143815123355,3.0825400466446204,56.19334933535681,15.0135255620761,8.837601827357146,10.221519270814587,6.798719658840985,43.805890083609775,9.81008276514974,50.658227111278876,9.317732302496292,20.788732455973538,11.823028988573306,1.0257824103460607,42.71673736285095,42.9484414426023,19.302149349221565,9.640101454065466,3.121060142408686,8.195246178495713,20.100001268526608,7.88681614931011,20.952052531892598,7.980271585634842,15.671365668911884,2.1676222360928317,69.13589614864898,24.90430116975623,27.087864076997462,18.644553613452775,6.597715567895996,12.672161481107016,28.771723620294523,45.563312646895604,5.446816324481223,5.0107471024602095,8.644433855231158
31.253998767844735,39.77445508237899,29.035414220569663,16.153465530824306,0.6291972600949359,20.573819672900616,4.008486264326174,28.971943376591582,2.6599528670441317,28.56095790001439,7.516382140169404,13.456901994214105,0.2279679701096407,14.034700527312829,3.9338116734097834,2.6741135551549626,0.8766755553182527,40.72697850642905,2.4643245961254046,3.108390864346055,19.738416923823014,27.99169278876468,24.28096413116122,6.848133527066097,0,1.69701028805726,3.7655934804214763,49.34521580829071,8.165392035010004,1.9894683002910487,17.069652797880686,13.646853185907082,50.65402361067587,16.65821629221584,57.50636063834497,2.469598775430196,13.940598928907441,4.974895461507208,7.873915937412158,35.86860383578485,36.1003079155362,12.454015822155469,16.488234981131562,3.7270733846574107,1.3471126514296163,13.251867741460513,1.0386826222440122,14.103919004826501,14.828405112700938,22.519499195977982,4.680511290973265,62.28776262158289,18.056167642690134,20.239730549931366,11.79642008638668,0.2504179591701007,5.82402795404092,21.923590093228427,38.71517911982951,1.4013172025848732,1.837386424605888,1.796300328165062
29.55698847978747,38.07744479432173,30.732424508626927,17.850475818881566,1.067813027962324,22.270829960957872,2.311475976268913,30.668953664648843,4.3569631551013925,26.86394761195713,5.819371852112144,15.153912282271364,1.4690423179476193,15.731710815370088,2.236801385352523,0.9771032670977027,2.5736858433755128,39.029968218371785,0.7673143080681445,4.805401152403316,18.041406635765753,26.29468250070742,25.97797441921848,8.545143815123355,1.69701028805726,0,5.462603768478736,47.64820552023345,6.468381746952745,0.2924580122337889,18.766663085937946,15.34386347396434,52.35103389873313,18.355226580273097,59.20337092640223,0.7725884873729362,12.24358864085018,3.2778851734499472,9.570926225469417,34.17159354772759,34.403297627478935,10.75700553409821,18.185245269188822,5.42408367271467,0.3498976366276435,11.554857453403253,0.6583276658132475,12.406908716769243,16.5254154007582,24.21650948403524,6.377521579030525,60.590752333525636,16.359157354632877,18.542720261874106,10.09940979832942,1.9474282472273607,4.127017665983661,20.226579805171166,37.01816883177224,3.098327490642133,3.534396712663148,0.0992900401078021
35.019592248266214,43.54004856280047,25.269820740148187,12.387872050402828,4.394790740516413,16.808226192479136,7.774079744747649,25.206349896170103,1.1056406133773446,32.32655138043587,11.281975620590881,9.69130851379263,3.9935614505311174,10.269107046891351,7.699405153831259,6.439707035576439,2.888917925103224,44.49257198685053,6.2299180765468805,0.6572026160754209,23.504010404244486,31.75728626918616,20.51537065073974,3.0825400466446204,3.7655934804214763,5.462603768478736,0,53.11080928871219,11.930985515431482,5.755061780712525,13.30405931745921,9.881259705485606,46.88843013025439,12.892622811794363,53.74076715792349,6.235192255851673,17.706192409328917,8.740488941928684,4.108322456990681,39.63419731620633,39.86590139595768,16.21960930257695,12.722641500710088,0.038520095764065766,5.112706131851093,17.017461221881987,4.804276102665489,17.869512485247977,11.062811632279463,18.753905715556506,0.9149178105517888,66.05335610200437,21.821761123111614,24.005324030352842,15.562013566808156,3.5151755212513756,9.589621434462398,25.689183573649903,42.48077260025099,2.3642762778366033,1.9282070558155886,5.561893808586539
18.091217040445976,9.570760725911716,78.38063002886038,65.49868133911501,48.71601854819578,69.91903548119132,45.336729543964545,78.3171591848823,52.00516867533484,20.78425790827632,41.828833668121305,62.80211780250482,49.11724783818107,63.37991633560354,45.411404134880925,46.67110225313574,50.22189136360897,8.618237301861662,46.8808912121653,52.45360667263677,29.6067988844677,21.353523019526026,73.62617993945193,56.19334933535681,49.34521580829071,47.64820552023345,53.11080928871219,0,41.17982377328071,47.355747507999666,66.4148686061714,62.992068994197794,99.99923941896658,66.00343210050654,106.85157644663566,46.87561703286052,35.40461687938327,44.3703203467835,57.219131745702875,13.476611972505857,13.24490789275451,36.89119998613524,65.83345078942227,53.07228919294812,47.9981031568611,36.093348066830195,48.30653318604669,35.24129680346421,64.17362092099165,71.86471500426869,54.025727099263975,12.942546813292184,31.289048165600573,29.105485258359344,37.54879572190403,49.59563376746081,43.52118785424979,27.421625715062287,10.630036688461201,50.74653301087559,51.18260223289659,47.54891548012564
23.08860673283473,31.609063047368988,37.20080625557967,24.31885756583431,7.536194774915069,28.739211707910616,4.1569057706838315,37.13733541160158,10.825344902054136,20.395565865004386,0.6490098948405995,21.62229402922411,7.937424064900363,22.200092562322833,4.231580361600221,5.491278479855041,9.042067590328257,32.56158647141905,5.7010674388846,11.27378289935606,11.573024888813007,19.82630075375468,32.44635616617122,15.0135255620761,8.165392035010004,6.468381746952745,11.930985515431482,41.17982377328071,0,6.175923734718955,25.235044832890686,21.812245220917085,58.81941564568587,24.82360832722584,65.67175267335497,5.695793259579808,5.775206893897437,3.190496573502797,16.03930797242216,27.70321180077485,27.934915880526194,4.2886237871454655,24.65362701614157,11.892465419667415,6.818279383580388,5.086475706450508,7.126709412765992,5.938526969816497,22.993797147710943,30.684891230987986,12.845903325983269,54.12237058657289,9.890775607680132,12.07433851492136,3.6310280513766746,8.415809994180105,2.341364080969084,13.758198058218422,30.549787084819503,9.566709237594878,10.002778459615891,6.369091706844943
29.264530467553687,37.78498678208795,31.02488252086071,18.142933831115357,1.360271040196113,22.563287973191663,2.019017964035124,30.96141167688263,4.649421167335181,26.571489599723343,5.526913839878356,15.446370294505154,1.761500330181408,16.024168827603877,1.944343373118734,0.6846452548639138,2.8661438556093013,38.737510206138005,0.4748562958343557,5.0978591646371045,17.748948623531962,26.002224488473637,26.270432431452267,8.837601827357146,1.9894683002910487,0.2924580122337889,5.755061780712525,47.355747507999666,6.175923734718955,0,19.059121098171733,15.636321486198131,52.643491910966915,18.647684592506888,59.495828938636016,0.4801304751391473,11.951130628616392,2.9854271612161587,9.863384237703206,33.87913553549381,34.110839615245155,10.46454752186442,18.477703281422613,5.71654168494846,0.6423556488614324,11.262399441169462,0.9507856780470364,12.114450704535452,16.81787341299199,24.50896749626903,6.6699795912643145,60.29829432129185,16.066699342399087,18.250262249640315,9.80695178609563,2.2398862594611497,3.8345596537498716,19.934121792937376,36.72571081953846,3.390785502875922,3.826854724896937,0.1931679721259868
48.32365156572542,56.84410788025967,11.965761422688981,0.9161872670563779,17.698850057975623,3.504166875019929,21.07813906220686,11.902290578710897,14.409699930836553,45.63061069789507,24.586034938050087,3.612750803666579,17.297620767990324,3.034952270567856,21.003464471290467,19.743766353035646,16.19297724256243,57.796631304309734,19.533977394006087,13.961261933534628,36.808069721703696,45.061345586645366,7.211311333280535,10.221519270814587,17.069652797880686,18.766663085937946,13.30405931745921,66.4148686061714,25.235044832890686,19.059121098171733,0,3.422799611973603,33.584370812795186,0.4114365056648462,40.43670784046429,19.53925157331088,31.010251726788127,22.04454825938789,9.195736860468527,52.93825663366554,53.169960713416884,29.52366862003615,0.581417816749121,13.342579413223273,18.4167654493103,30.321520539341197,18.108335420124696,31.173571802707187,2.241247685179746,5.449846398097296,12.38914150690742,79.35741541946358,35.12582044057082,37.30938334781205,28.866072884267364,16.819234838710585,22.893680751921604,38.99324289110911,55.78483191771019,15.668335595295812,15.232266373274795,18.86595312604575
44.90085195375181,53.421308268286076,15.388561034662583,2.506612344917225,14.276050446002019,6.926966486993532,17.655339450233253,15.325090190684499,10.98690031886295,42.20781108592147,21.16323532607649,0.18995119169297656,13.874821156016722,0.3878473414057465,17.580664859316865,16.320966741062044,12.77017763058883,54.37383169233613,16.111177782032488,10.538462321561026,33.385270109730094,41.638545974671764,10.634110945254138,6.798719658840985,13.646853185907082,15.34386347396434,9.881259705485606,62.992068994197794,21.812245220917085,15.636321486198131,3.422799611973603,0,37.00717042476879,3.0113631063087567,43.85950745243789,16.116451961337276,27.587452114814525,18.621748647414286,5.772937248494924,49.51545702169194,49.74716110144329,26.10086900806255,2.841381795224482,9.919779801249671,14.993965837336697,26.898720927367595,14.685535808151096,27.750772190733578,1.181551926793857,8.8726460100709,8.966341894933816,75.93461580748998,31.703020828597218,33.88658373583844,25.443273272293762,13.396435226736982,19.470881139948002,35.57044327913551,52.36203230573659,12.24553598332221,11.809466761301191,15.443153514072142
81.9080223785206,90.42847869305486,21.6186093901062,34.50055807985156,51.283220870770805,30.080203937775252,54.66250987500204,21.682080234084285,47.99407074363173,79.21498151069027,58.17040575084527,37.19712161646176,50.88199158078551,36.619323083363035,54.58783528408565,53.32813716583083,49.777348055357606,91.38100211710491,53.11834820680127,47.545632746329815,70.39244053449887,78.64571639944054,26.373059479514648,43.805890083609775,50.65402361067587,52.35103389873313,46.88843013025439,99.99923941896658,58.81941564568587,52.643491910966915,33.584370812795186,37.00717042476879,0,33.99580731846003,6.852337027669102,53.123622386106064,64.5946225395833,55.62891907218307,42.78010767326371,86.52262744646073,86.75433152621207,63.10803943283134,34.1657886295443,46.926950226018455,52.00113626210548,63.90589135213638,51.69270623291988,64.75794261550237,35.82561849797493,28.134524414697882,45.9735123197026,112.94178623225876,68.710191253366,70.89375416060723,62.45044369706254,50.40360565150577,56.478051564716786,72.57761370390429,89.36920273050538,49.252706408090994,48.81663718606998,52.45032393884093
47.912215060060575,56.432671374594825,12.377197928353826,0.5047507613915317,17.287413552310774,3.915603380684775,20.666702556542013,12.313727084375744,13.998263425171707,45.21917419223023,24.174598432385242,3.201314298001733,16.88618426232548,2.62351576490301,20.592027965625622,19.3323298473708,15.781540736897586,57.38519479864488,19.12254088834124,13.54982542786978,36.39663321603885,44.64990908098052,7.622747838945381,9.81008276514974,16.65821629221584,18.355226580273097,12.892622811794363,66.00343210050654,24.82360832722584,18.647684592506888,0.4114365056648462,3.0113631063087567,33.99580731846003,0,40.84814434612913,19.127815067646036,30.59881522112328,21.633111753723046,8.784300354803682,52.52682012800069,52.75852420775204,29.112232114371306,0.16998131108427478,12.931142907558428,18.005328943645456,29.910084033676352,17.69689891445985,30.76213529704234,1.8298111795148997,5.861282903762143,11.977705001242573,78.94597891379873,34.71438393490597,36.897946842147206,28.45463637860252,16.407798333045736,22.48224424625676,38.58180638544427,55.37339541204534,15.256899089630966,14.82082986760995,18.4545166203809
88.76035940618969,97.28081572072396,28.470946417775306,41.352895107520666,58.135557898439906,36.93254096544435,61.51484690267114,28.534417261753386,54.84640777130083,86.06731853835936,65.02274277851437,44.04945864413086,57.73432860845461,43.471660111032136,61.44017231175475,60.18047419349993,56.629685083026715,98.23333914477402,59.97068523447037,54.397969773998916,77.24477756216798,85.49805342710965,33.22539650718375,50.658227111278876,57.50636063834497,59.20337092640223,53.74076715792349,106.85157644663566,65.67175267335497,59.495828938636016,40.43670784046429,43.85950745243789,6.852337027669102,40.84814434612913,0,59.975959413775165,71.4469595672524,62.481256099852175,49.632444700932815,93.37496447412983,93.60666855388118,69.96037646050044,41.0181256572134,53.77928725368756,58.853473289774584,70.75822837980549,58.54504326058898,71.61027964317147,42.67795552564403,34.98686144236699,52.82584934737171,119.79412325992787,75.5625282810351,77.74609118827632,69.30278072473163,57.25594267917487,63.33038859238589,79.42995073157338,96.22153975817449,56.105043435760095,55.668974213739084,59.30266096651003
